80
50
525
10.000000
0 0 1
0 1 1
0 2 1
0 3 1
0 4 1
0 5 1
0 6 1
0 7 1
0 8 1
0 9 1
0 10 1
0 11 1
0 12 1
0 13 1
0 14 1
0 15 1
0 16 1
0 17 1
0 18 1
0 19 1
0 20 1
0 21 1
0 22 1
0 23 1
0 24 1
0 25 1
0 26 1
0 27 1
0 28 1
0 29 1
1 0 1
1 1 4 STARTPOINT STAIRS
1 2 1
1 10 1
1 12 1
1 28 4 HOLE DOWN MAP2
1 29 1
2 0 1
2 2 1
2 3 1
2 4 1
2 5 1
2 7 1
2 8 1
2 9 1
2 10 1
2 12 1
2 21 1
2 29 1
3 0 1
3 12 1
3 17 1
3 18 1
3 21 1
3 24 1
3 25 1
3 29 1
4 0 1
4 2 1
4 3 1
4 4 1
4 5 1
4 6 1
4 7 1
4 8 1
4 9 1
4 10 1
4 12 1
4 15 6 ITEM GP RANDOM
4 17 1
4 18 1
4 21 1
4 24 1
4 25 1
4 29 1
5 0 1
5 2 1
5 10 1
5 12 1
5 21 1
5 29 1
6 0 1
6 2 1
6 6 1
6 7 1
6 10 1
6 12 1
6 21 1
6 29 1
7 0 1
7 2 1
7 6 1
7 7 1
7 10 1
7 12 1
7 17 1
7 18 1
7 21 1
7 24 1
7 25 1
7 29 1
8 0 1
8 2 1
8 10 1
8 12 1
8 17 1
8 18 1
8 21 1
8 24 1
8 25 1
8 29 1
9 0 1
9 2 1
9 12 1
9 29 1
10 0 1
10 2 1
10 10 1
10 12 1
10 29 1
11 0 1
11 2 1
11 10 1
11 12 1
11 17 1
11 18 1
11 21 1
11 24 1
11 25 1
11 29 1
12 0 1
12 2 1
12 3 1
12 4 1
12 5 1
12 6 1
12 7 1
12 8 1
12 9 1
12 10 1
12 12 1
12 17 1
12 18 1
12 19 6 ITEM KEY 1
12 21 1
12 24 1
12 25 1
12 29 1
13 0 1
13 12 1
13 21 1
13 29 1
14 0 1
14 1 1
14 2 1
14 12 1
14 21 1
14 29 1
15 0 1
15 2 1
15 12 1
15 17 1
15 18 1
15 21 1
15 24 1
15 25 1
15 29 1
16 0 1
16 2 1
16 12 1
16 17 1
16 18 1
16 21 1
16 24 1
16 25 1
16 29 1
17 0 1
17 2 1
17 3 1
17 4 1
17 5 1
17 7 1
17 8 1
17 9 1
17 10 1
17 11 1
17 12 1
17 21 1
17 29 1
18 0 1
18 5 1
18 7 1
18 21 6 ITEM TRAP RANDOM
18 29 1
19 0 1
19 5 1
19 7 1
19 9 1
19 10 1
19 11 1
19 12 1
19 13 1
19 14 1
19 15 1
19 16 1
19 17 1
19 18 1
19 19 1
19 20 1
19 21 1
19 22 1
19 23 1
19 24 1
19 25 1
19 26 1
19 27 1
19 29 1
20 0 1
20 5 1
20 7 1
20 9 1
20 10 6 ITEM KEY 2
20 27 1
20 29 1
21 0 1
21 5 1
21 7 1
21 9 1
21 11 1
21 12 1
21 13 1
21 14 1
21 15 1
21 16 1
21 17 1
21 18 1
21 19 1
21 20 1
21 21 1
21 22 1
21 23 1
21 24 1
21 25 1
21 27 1
21 29 1
22 0 1
22 5 1
22 7 1
22 9 1
22 11 1
22 25 1
22 27 1
22 29 1
23 0 1
23 1 1
23 2 1
23 5 1
23 7 1
23 9 1
23 11 1
23 13 1
23 14 1
23 15 1
23 16 1
23 17 1
23 18 3 DOOR 2
23 19 1
23 20 1
23 21 1
23 22 1
23 23 1
23 25 1
23 27 1
23 29 1
24 0 1
24 1 6 ITEM POTION MANA 50
24 2 1 WALL BREAKABLE
24 3 0 SCRIPT MSG O NOTIOS TOIXOS DEN FENETE POLI GEROS
24 7 1
24 9 1
24 11 1
24 13 1
24 23 1
24 25 1
24 27 1
24 29 1
25 0 1
25 1 1
25 2 1
25 5 1
25 7 1
25 9 1
25 11 1
25 13 1
25 15 1
25 16 1
25 17 1
25 18 1
25 19 1
25 20 1
25 21 1
25 23 1
25 25 1
25 27 1
25 29 1
26 0 1
26 5 1
26 7 1
26 9 1
26 11 1
26 13 1
26 15 1
26 21 1
26 23 1
26 25 1
26 27 1
26 29 1
27 0 1
27 5 1
27 7 1
27 9 1
27 11 1
27 13 1
27 15 1
27 17 1
27 19 1
27 21 1
27 23 1
27 25 1
27 27 1
27 29 1
28 0 1
28 3 1
28 4 1
28 5 1
28 7 1
28 9 1
28 11 1
28 13 1
28 17 1
28 18 4 STAIRS DOWN MAP2
28 19 1
28 23 1
28 25 1
28 27 3 DOOR 1
28 29 1
29 0 1
29 2 1
29 3 1
29 5 1
29 7 1
29 9 1
29 11 1
29 13 1
29 15 1
29 17 1
29 19 1
29 21 1
29 23 1
29 25 1
29 27 1
29 29 1
30 0 1
30 2 1
30 5 1
30 7 1
30 9 1
30 11 1
30 13 1
30 15 1
30 21 1
30 23 1
30 25 1
30 27 1
30 29 1
31 0 1
31 2 1
31 5 1
31 7 1
31 9 1
31 11 1
31 13 1
31 15 1
31 16 1
31 17 1
31 18 1
31 19 1
31 20 1
31 21 1
31 23 1
31 25 1
31 27 1
31 29 1
32 0 1
32 2 1
32 3 1
32 5 1
32 7 1
32 9 1
32 11 1
32 13 1
32 23 1
32 25 1
32 27 1
32 29 1
33 0 1
33 5 1
33 7 1
33 9 1
33 11 1
33 13 1
33 14 1
33 15 1
33 16 1
33 17 1
33 18 1
33 19 1
33 20 1
33 21 1
33 22 1
33 23 1
33 25 1
33 27 1
33 29 1
34 0 1
34 2 1
34 3 1
34 5 1
34 8 0 SCRIPT MSG O BORIOS TOIXOS FENETE KAPOS SATHROS
34 9 1 WALL BREAKABLE
34 11 1
34 25 1
34 27 1
34 29 1
35 0 1
35 2 1
35 5 1
35 7 1
35 9 1
35 11 1
35 12 1
35 13 1
35 14 1
35 15 1
35 16 1
35 17 1
35 19 1
35 20 1
35 21 1
35 22 1
35 23 1
35 24 1
35 25 1
35 27 1
35 29 1
36 0 1
36 2 1
36 5 1
36 7 1
36 9 1
36 10 6 ITEM GP 20
36 27 1
36 29 1
37 0 1
37 2 1
37 5 1
37 7 1
37 9 1
37 10 1
37 11 1
37 12 1
37 13 1
37 14 1
37 15 1
37 16 1
37 17 1
37 18 1
37 19 1
37 20 1
37 21 1
37 22 1
37 23 1
37 24 1
37 25 1
37 26 1
37 27 1
37 29 1
38 0 1
38 2 1
38 3 6 ITEM CHEST RANDOM
38 5 1
38 7 1
38 9 1
38 10 6 ITEM POTION MANA RANDOM
38 29 1
39 0 1
39 1 1
39 2 1
39 3 1
39 4 1
39 5 1
39 6 1
39 7 1
39 8 1
39 9 1
39 10 1
39 11 1
39 12 1
39 13 1
39 14 1
39 15 1
39 16 1
39 17 1
39 18 1
39 19 1
39 20 1
39 21 1
39 22 1
39 23 1
39 24 1
39 25 1
39 26 1
39 27 1
39 28 1
39 29 1
